104-10183-10232
2025 RELEASE UNDER THE PRESIDENT JOHN F. KENNEDY ASSASSINATION RECORDS ACT OF 1992
RETURN TO CIA
Background Use Only
Do Not Reproduca
SENDER WILL CHE
LEASIFICATION FOR AND BOTTOM
UNLLANIFIED
CONFIDENTIAL
SECRET
CENTRAL INTELLIGENCE AGENCY
OFFICIAL ROUTING SLIP
TO
NAME AND ADDRESS
DATE
INITIALS
1
Bill winwright
03
2
3
4
5
6
03
ACTION
DIRECT REPLY
PREPARE REPLY
APPROVAL
DISTRICT
RECOMMENDATION
COMMENT
FILE
RETURN
CONCURRENCE
INFORMATION
SIGNATURE
Remarks:
06
R5 attached on AMHIT-1 and (Egee-man)
Please get word to A-1 that is S. he sees
66 (5) to get as much info from his on his current
situation in srazil, who he knows in
the country and Qubans he knows in Cuba.
N.turally, without exposing nis (a-l's)
connectivity, with us.
03
A1/5 will handle contact with Charlie-Lays
and subsequent contact. If any, with (egee.)
06
FOLO HERE TO RETURN TO SENDER
FROM: NAME, ADDRESS AND PHONE NO
DATE
30c B.
INCLASSIFIED
CONFIDENTIAL
SKEFET
237
Du prinson edition
140
141
141
141
141
141
141
141
141
141
141
141
141
141
141
141
141
141
141
141
141
141
141
141
141
141
141
141
141
141
141
141
141
141
141
141
141
141
141
141
141
141
141
141
141
141
141
141
141
141
141
141
141
141
141
141
141
141
141
141
141
141
141
141
141
141
141
141
141
141
141
141
141
141
141
141
141
141
141
141
141
141
141
141
141
141
141
141
141
141
141
141
141
141
141
141
141
141
141
141
141
141
141
141
141
141
141
141
141
141
141
141
141
141
141
141
141
141
141
141
141
141
141
141
141
141
141
141
141
141
141
141
141
141
141
141
141
141
141
141
141
141
141
141
141
141
141
141
141
141
141
141
141
141
141
141
141
141
141
141
141
141
141
141
141
141
141
141
141
141
141
141
141
141
141
141
141
141
141
141
141
141
141
141
141
141
141
141
141
141
141
141
141
141
141
141
141
141
141
141
141
141
141
141
141
141
141
141
141
141
141
141
141
141
141
141
141
141
141
141
141
141
141
141
141
141
141
141
141
141
141
141
141
141
141
141
141
141
141
141
141
141
141
141
141
141
141
141
141
141
141
141
141
141
141
141
141
141
141
141
141
141
141
141
141
141
141
141
141
141
141
141
141
141
141
141
141
141
141
141
141
141
141
141
141
141
141
141
141
141
141
141
141
141
141
141
141
141
141
141
141
141
141
141
141
141
141
141
141
141
141
141
141
141
141
141
141
141
141
141
141
141
141
141
141
141
141
141
141
141
141
141
141
141
141
141
141
141
141
141
141
141
141
141
141
141
141
141
141
141
141
141
141
141
141
141
141
141
141
141
141
141
141
141
141
141
141
141
141
141
141
141
141
141
141
141
141
141
141
141
141
141
141
141
141
141
141
141
141
141
141
141
141
141
141
141
141
141
141
141
141
141
141
141
141
141
141
141
141
141
141
141
141
141
141
141
141
141
141
141
141
141
141
141
141
141
141
141
141
141
141
141
141
141
141
141
141
141
141
141
141
141
141
141
141
141
141
141
141
141
141
141
141
141
141
141
141
141
141
141
141
141
141
141
141
141
141
141
141
141
141
141
141
141
141
141
141
141
141
141
141
141
141
141
141
141
141
141
141
141
141
141
141
141
141
141
141
141
141
141
141
141
141
141
141
141
141
141
141
141
141
141
141
141
141
141
141
141
141
141
141
141
141
141
141
141
141
141
141
141
141
141
141
141
141
141
141
141
141
141
141
141
141
141
141
141
141
141
141
141
141
141
141
141
141
141
141
141
141
141
141
141
141
141
141
141
141
141
141
141
141
141
141
141
141
141
141
141
141
141
141
141
141
141
141
141
141
141
141
141
141
141
141
141
141
141
141
141
141
141
141
141
141
141
141
141
141
141
141
141
141
141
141
141
141
141
141
141
141
141
141
141
141
141
141
141
141
141
141
141
141
141
141
141
141
141
141
141
141
141
141
141
141
141
141
141
141
141
141
141
141
141
141
141
141
141
141
141
141
141
141
141
141
141
141
141
141
141
141
141
141
141
141
141
141
141
141
141
141
141
141
141
141
141
141
141
141
141
141
141
141
141
141
141
141
141
141
141
141
141
141
141
141
141
141
141
141
141
141
141
141
141
141
141
141
141
141
141
141
141
141
141
141
141
141
141
141
141
141
141
141
141
141
141
141
141
141
141
141
141
141
141
141
141
141
141
141
141
141
141
141
141
141
141
141
141
141
141
141
141
141
141
141
141
141
141
141
141
141
141
141
141
141
141
141
141
141
141
141
141
141
141
141
141
141
141
141
141
141
141
141
141
141
141
141
141
141
141
141
141
141
141
141
141
141
141
141
141
141
141
141
141
141
141
141
141
141
141
141
141
141
141
141
141
141
141
141
141
141
141
141
141
141
141
141
141
141
141
141
141
141
141
141
141
141
141
141
141
141
141
141
141
141
141
141
141
141
141
141
141
141
141
141
141
141
141
141
141
1



14-0000
SECRET
Chief, WED
x
Chief of Station, Rio de Janeiro
PREMIUM
Subject of 201-720615
06
AB: Paragraph 2.
Dienut Sujel in vespion
Refes: A. HERRA-11177
1. Subject applied for, and was granted on 29 April 1964,
a 15-day tourist visc to the United States. He told the consular
officer that he planned to leave on about 10 Kcy for France,
where he planned to stay for a month or more before going to the
United States. He plans to contest the following friends there:
Mr. and Mrs. Henri Nalsiah
113-33 7nd Ave.
Forest Hilla 75
Now York
Mr. and Mrs. John Days
1 East 65th St.
New York 21, New York
Mr. and Mrs. II. Gilbert Smith
Dockboard
2 Canal St.
and with
New Orleans, La.
2. If Subject also contacts ARHIP-1, it is requested that
the latter debrief him on his TURKENT contacts here and, if he
appears to be spectimally useful, that a contact be set up in
Rio de Janeiro, as requested in Reference B.
Distribution:
Harry V. UTHERBY
4- WED
- Files
Jcd
30 April 1964
HERA-17752
HAY 1 1964
VPV


