104-10098-10404
2025 RELEASE UNDER THE PRESIDENT JOHN F. KENNEDY ASSASSINATION RECORDS ACT OF 1992
CLASSIFIED
SECRET
14
31
13
3
10
3
10
3
10
3
10
3
10
3
10
3
10
3
10
3
10
3
10
3
10
3
10
3
10
3
10
3
10
3
10
3
10
3
10
3
10
3
10
3
10
3
10
3
10
3
10
3
10
3
10
3
10
3
10
3
10
3
10
3
10
3
10
3
10
3
10
3
10
3
10
3
10
3
10
3
10
3
10
3
10
3
10
3
10
3
10
3
10
3
10
3
10
3
10
3
10
3
10
3
10
3
10
3
10
3
10
3
10
3
10
3
10
3
10
3
10
3
10
3
10
3
10
3
10
3
10
3
10
3
10
3
10
3
10
3
10
3
10
3
10
3
10
3
10
3
10
3
10
3
10
3
10
3
10
3
10
3
10
3
10
3
10
3
10
3
10
3
10
3
10
3
10
3
10
3
10
3
10
3
10
3
10
3
10
3
10
3
10
3
10
3
10
3
10
3
10
3
10
3
10
3
10
3
10
3
10
3
10
3
10
3
10
3
10
3
10
3
10
3
10
3
10
3
10
3
10
3
10
3
10
3
10
3
10
3
10
3
10
3
10
3
10
3
10
3
10
3
10
3
10
3
10
3
10
3
10
3
10
3
10
3
10
3
10
3
10
3
10
3
10
3
10
3
10
3
10
3
10
3
10
3
10
3
10
3
10
3
10
3
10
3
10
3
10
3
10
3
10
3
10
3
10
3
10
3
10
3
10
3
10
3
10
3
10
3
10
3
10
3
10
3
10
3
10
3
10
3
10
3
10
3
10
3
10
3
10
3
10
3
10
3
10
3
10
3
10
3
10
3
10
3
10
3
10
3
10
3
10
3
10
3
10
3
10
3
10
3
10
3
10
3
10
3
10
3
10
3
10
3
10
3
10
3
10
3
10
3
10
3
10
3
10
3
10
3
10
3
10
3
10
3
10
3
10
3
10
3
10
3
10
3
10
3
10
3
10
3
10
3
10
3
10
3
10
3
10
3
10
3
10
3
10
3
10
3
10
3
10
3
10
3
10
3
10
3
10
3
10
3
10
3
10
3
10
3
10
3
10
3
10
3
10
3
10
3
10
3
10
3
10
3
10
3
10
3
10
3
10
3
10
3
10
3
10
3
10
3
10
3
10
3
10
3
10
3
10
3
10
3
10
3
10
3
10
3
10
3
10
3
10
3
10
3
10
3
10
3
10
3
10
3
10
3
10
3
10
3
10
3
10
3
10
3
10
3
10
3
10
3
10
3
10
3
10
3
10
3
10
3
10
3
10
3
10
3
10
3
10
3
10
3
10
3
10
3
10
3
10
3
10
3
10
3
10
3
10
3
10
3
10
3
10
3
10
3
10
3
10
3
10
3
10
3
10
3
10
3
10
3
10
3
10
3
10
3
10
3
10
3
10
3
10
3
10
3
10
3
10
3
10
3
10
3
10
3
10
3
10
3
10
3
10
3
10
3
10
3
10
3
10
3
10
3
10
3
10
3
10
3
10
3
10
3
10
3
10
3
10
3
10
3
10
3
10
3
10
3
10
3
10
3
10
3
10
3
10
3
10
3
10
3
10
3
10
3
10
3
10
3
10
3
10
3
10
3
10
3
10
3
10
3
10
3
10
3
10
3
10
3
10
3
10
3
10
3
10
3
10
3
10
3
10
3
10
3
10
3
10
3
10
3
10
3
10
3
10
3
10
3
10
3
10
3
10
3
10
3
10
3
10
3
10
3
10
3
10
3
10
3
10
3
10
3
10
3
10
3
10
3
10
3
10
3
10
3
10
3
10
3
10
3
10
3
10
3
10
3
10
3
10
3
10
3
10
3
10
3
10
3
10
3
10
3
10
3
10
3
10
3
10
3
10
3
10
3
10
3
10
3
10
3
10
3
10
3
10
3
10
3
10
3
10
3
10
3
10
3
10
3
10
3
10
3
10
3
10
3
10
3
10
3
10
3
10
3
10
3
10
3
10
3
10
3
10
3
10
3
10
3
10
3
10
3
10
3
10
3
10
3
10
3
10
3
10
3
10
3
10
3
10
3
10
3
10
3
10
3
10
3
10
3
10
3
10
3
10
3
10
3
10
3
10
3
10
3
10
3
10
3
10
3
10
3
10
3
10
3
10
3
10
3
10
3
10
3
10
3
10
3
10
3
10
3
10
3
10
3
10
3
10
3
10
3
10
3
10
3
10
3
10
3
10
3
10
3
10
3
10
3
10
3
10
3
10
3
10
3
10
3
10
3
10
3
10
3
10
3
10
3
10
3
10
3
10
3
10
3
10
3
10
3
10
3
10
3
10
3
10
3
10
3
10
3
10
3
10
3
10
3
10
3
10
3
10
3
10
3
10
3
10
3
10
3
10
3
10
3
10
3
10
3
10
3
10
3
10
3
10
3
10
3
10
3
10
3
10
3
10
3
10
3
10
3
10
3
10
3
10
3
10
3
10
3
10
3
10
3
10
3
10
3
10
3
10
3
10
3
10
3
10
3
10
3
10
3
10
3
10
3
10
3
10
3
10
3
10
3
10
3
10
3
10
3
10
3
10
3
10
3
10
3
10
3
10
3
10
3
10
3
10
3
10
3
10
3
10
3
10
3
10
3
10
3
10
3
10
3
10
3
10
3
10
3
10
3
10
3
10
3
10
3
10
3
10
3
10
3
10
3
10
3
10
3
10
3
10
3
10
3
10
3
10
3
10
3
10
3
10
3
10
3
10
3
10
3
10
3
10
3
10
3
10
3
10
3
10
3
10
3
10
3
10
3
10
3
10
3
10
3
10
3
10
3
10
3
10
3
10
3
10
3
10
3
10
3
10
3
10
3
10
3
10
3
10
3
10
3
10
3
10
3
10
3
10
3
10
3
10
3
10
3
10
3
10
3
10
3
10
3
10
3
10
3
10
3
10
3
10
3
10
3
10
3
10
3
10
3
10
3
10
3
10
3
10
3
10
3
10
3
10
3
10
3
10
3
10
3
10
3
10
3
10
3
10
3
10
3
10
3
10
3
10
3
10
3
10
3
10
3
10
3
10
3
10
3
10
3
10
3
10
3
10
3
10
3
10
3
10
3
10
3
10
3
10
3
10
3
10
3
10
3
10
3
10
3
10
3
10
3
10
3
10
3
10
3
10
3
10
3
10
3
10
3
10
3
10
3
10
3
10
3
10
3
10
3
10
3
10
3
10
3
10
3
10
3
10
3
10
3
10
3
10
3
10
3
10
3
10
3
10
3
10
3
10
3
10
3
10
3
10
3
10
3
10
3
10
3
10
3
10
3
10
3
10
3
10
3
10
3
10
3
10
3
10
3
10
3
10
3
10
3
10
3
10
3
10
3
10
3
10
3
10
3
10
3
10
3
10
3
10
3
10
3
10
3
10
3
10
3
10
3
10
3
10
3
10
3
10
3
10
3
10
3
1
,
,
"
"
"
"
" - -- -- -- -- -- -- -- ------------------------------------------- 1----                                
colorcolorcolorcolorcolorcolorcolorcolorcolorcolorcolorcolorcolorcolorcolorcolorcolorcolorcolorcolorcolorcolorcolorcolorcolorcolorcolorcolorcolorcolorcolorcolorcolorcolorcolorcolorcolorcolorcolorcolorcolorcolorcolorcolorcolorcolorcolorcolorcolorcolorcolorcolorcolorcolorcolorcolorcolorcolorcolorcolorcolorcolorcolorcolorcolorcolorcolorcolorcolorcolorcolorcolorcolorcolorcolorcolorcolorcolorcolorcolorcolorcolorcolorcolorcolorcolorcolorcolorcolorcolorcolorcolorcolorcolorcolorcolorcolorcolorcolorcolorcolorcolorcolorcolorcolorcolorcolorcolorcolorcolorcolorcolorcolorcolorcolorcolorcolorcolorcolorcolorcolorcolorcolorcolorcolorcolorcolorcolorcolorcolorcolorcolorcolorcolorcolorcolorcolorcolorcolorcolorcolorcolorcolorcolorcolorcolorcolorcolorcolorcolorcolorcolorcolorcolorcolorcolorcolorcolorcolorcolorcolorcolorcolorcolorcolorcolorcolorcolorcolor


CARTON
05
VING WITH PANILIES. (SODRDE: LANCE
SEEN IN UNIFORM, ALL WEAS SPORT SHINOS or CROIOUS
, APPARENTLY SUBAN HADE. 10
OF COURCE, SHACE
OF PLAYBCKS. IN A SFTTER
SCHARTON TACLES
CIRFECT. 100 IN PALE BLUE THING AND STRKEN TARE IN
32
100
100 or ORER SITATICS,
117
ON 13 DEU TEN
RESER AS SOVIET TYPE ON
MOTANAS TO VERBEEO. E400 THE THEY HAD 5. LARE
300
SCHALER WHEIL RATED OFF GROUND. DROBLE THURTS,
300
300
CIN GOING GAME DIRECTION.
500
500
SAM 5 LARE TRUCKS DRIVEN BY SOME AND CARRYING FIVE
100
CABER GAME DAY SAN TEN DORAL. ALL COINS FROM RANCHO
AREA TOWARTS THE INTERIOR. 11 ALL SAA
250 DURING
100
100
100
100
100
100
100
100
100
100
100
100
100
100
100
100
100
100
100
100
100
100
100
100
100
100
100
100
100
100
100
100
100
100
100
100
100
100
100
100
100
100
100
100
100
100
100
100
100
100
100
100
100
100
100
100
100
100
100
100
100
100
100
100
100
100
100
100
100
100
100
100
100
100
100
100
100
100
100
100
100
100
100
100
100
100
100
100
100
100
100
100
100
100
100
100
100
100
100
100
100
100
100
100
100
100
100
100
100
100
100
100
100
100
100
100
100
100
100
100
100
100
100
100
100
100
100
100
100
100
100
100
100
100
100
100
100
100
100
100
100
100
100
100
100
100
100
100
100
100
100
100
100
100
100
100
100
100
100
100
100
100
100
100
100
100
100
100
100
100
100
100
100
100
100
100
100
100
100
100
100
100
100
100
100
100
100
100
100
100
100
100
100
100
100
100
100
100
100
100
100
100
100
100
100
100
100
100
100
100
100
100
100
100
100
100
100
100
100
100
100
100
100
100
100
100
100
100
100
100
100
100
100
100
100
100
100
100
100
100
100
100
100
100
100
100
100
100
100
100
100
100
100
100
100
100
100
100
100
100
100
100
100
100
100
100
100
100
100
100
100
100
100
100
100
100
100
100
100
100
100
100
100
100
100
100
100
100
100
100
100
100
100
100
100
100
100
100
100
100
100
100
100
100
100
100
100
100
100
100
100
100
100
100
100
100
100
100
100
100
100
100
100
100
100
100
100
100
100
100
100
100
100
100
100
100
100
100
100
100
100
100
100
100
100
100
100
100
100
100
100
100
100
100
100
100
100
100
100
100
100
100
100
100
100
100
100
100
100
100
100
100
100
100
100
100
100
100
100
100
100
100
100
100
100
100
100
100
100
100
100
100
100
100
100
100
100
100
100
100
100
100
100
100
100
100
100
100
100
100
100
100
100
100
100
100
100
100
100
100
100
100
100
100
100
100
100
100
100
100
100
100
100
100
100
100
100
100
100
100
100
100
100
100
100
100
100
100
100
100
100
100
100
100
100
100
100
100
100
100
100
100
100
100
100
100
100
100
100
100
100
100
100
100
100
100
100
100
100
100
100
100
100
100
100
100
100
100
100
100
100
100
100
100
100
100
100
100
100
100
100
100
100
100
100
100
100
100
100
100
100
100
100
100
100
100
100
100
100
100
100
100
100
100
100
100
100
100
100
100
100
100
100
100
100
100
100
100
100
100
100
100
100
100
100
100
100
100
100
100
100
100
100
100
100
100
100
100
100
100
100
100
100
100
100
100
100
100
100
100
100
100
100
100
100
100
100
100
100
100
100
100
100
100
100
100
100
100
100
100
100
100
100
100
100
100
100
100
100
100
100
100
100
100
100
100
100
100
100
100
100
100
100
100
100
100
100
100
100
100
100
100
100
100
100
100
100
100
100
100
100
100
100
100
100
100
100
100
100
100
100
100
100
100
100
100
100
100
100
100
100
100
100
100
100
100
100
100
100
100
100
100
100
100
100
100
100
100
100
100
100
100
100
100
100
100
100
100
100
100
100
100
100
100
100
100
100
100
100
100
100
100
100
100
100
100
100
100
100
100
100
100
100
100
100
100
100
100
100
100
100
100
100
100
100
100
100
100
100
100
100
100
100
100
100
100
100
100
100
100
100
100
100
100
100
100
100
100
100
100
100
100
100
100
100
100
100
100
100
100
100
100
100
100
100
100
100
100
100
100
100
100
100
100
100
100
100
100
100
100
100
100
100
100
100
100
100
100
100
100
100
100
100
100
100
100
100
100
100
100
100
100
100
100
100
100
100
100
100
100
100
100
100
100
100
100
100
100
100
100
100
100
100
100
100
100
100
100
100
100
100
100
100
100
100
100
100
100
100
100
100
100
100
100
100
100
100
100
100
100
100
100
100
100
100
100
100
100
100
100
100
100
100
100
100
100
100
100
100
100
100
100
100
100
100
100
100
100
100
100
100
100
100
100
100
100
100
100
100
100
100
100
100
100
100
1
1
1
111111-1- -- - - - - - - - - - - - - - - - - -  -  - - -  -  -  -  -  -                                    
colorcolorcolorcolorcolorcolorcolorcolorcolorcolorcolorcolorcolorcolorcolorcolorcolorcolorcolorcolorcolorcolorcolorcolorcolorcolorcolorcolorcolorcolorcolorcolorcolorcolorcolorcolorcolorcolorcolorcolorcolorcolorcolorcolorcolorcolorcolorcolorcolorcolorcolorcolorcolorcolorcolorcolorcolorcolorcolorcolorcolorcolorcolorcolorcolorcolorcolorcolorcolorcolorcolorcolorcolorcolorcolorcolorcolorcolorcolorcolorcolorcolorcolorcolorcolorcolorcolorcolorcolorcolorcolorcolorcolorcolorcolorcolorcolorcolorcolorcolorcolorcolorcolorcolorcolorcolorcolorcolorcolorcolorcolorcolorcolorcolorcolorcolorcolorcolorcolorcolorcolorcolorcolorcolorcolorcolorcolorcolorcolorcolorcolorcolorcolorcolorcolorcolorcolorcolorcolorcolorcolorcolorcolorcolorcolorcolorcolorcolorcolorcolorcolorcolorcolorcolorcolorcolorcolorcolorcolorcolorcolorcolorcolorcolorcolorcolorcolorcolorcolorcolorcolorcolorcolorcolorcolorcolorcolorcolorcolorcolorcolorcolorcolorcolorcolorcolorcolorcolor


140000
CLASSIFIED MESSAGE
SECRET
M
PAGR
3
LIFE: NA GOC OFFICIAL OPPOSES FOR FEAR OF ON LIFE. YN ANY EVENT,
APPESITION VOULD RAVC NO VALLE OR REATING. CONRON GUOPE: "FIDEL
HAGE Y FIDEL DESNACE".
3. SEE CNE, ABOVE.
4. NOT KNONN, BUT CUBAN POSITION IN DISPUTE VERY INDEPENDANT,
UNAPFECTED.
TART c
1. MOST OF THE HILITIA PERSONNEL HAVE BEEN CONVERTEC to
ANY REGULARS PAST SIX HONTHS.
2. UNATION
3. DEP IESFRESSTION IS THAT CUSAN ARMY NOW VELL TRAINED AND
C. CANIZED.
4. ON TEN DEC. TAR SOROA, ALL CARS HALTED ON R.A.D WHILE
CONTINENT CUEAT TROOPS SURGUNDED A CANE FIELD AND SPRATED II
VITH CUNFIRE, SEACRED IT. BUT FOUND NO CNE. TROPOS VELL FED AND
SUFFLIED. (SOURGE: BEUTA RCCA) 9 DEC). SORCA APPROX 80 KNS
FECM RAPANA TOWARDS PUNO BEL RIO.
S E C R E T
02
C/S CONNT. CUS NICOLY
RETRON CCA AS CONVER SINSLETEN.
14/20/05


