104-10183-10331
2025 RELEASE UNDER THE PRESIDENT JOHN F. KENNEDY ASSASSINATION RECORDS ACT OF 1992
a
of
4
A
100
CLASSIFIED MESSIOE of
4
100
4
100
4
100
4
100
4
100
4
100
4
100
4
100
4
100
4
100
4
100
4
100
4
100
4
100
4
100
4
100
4
100
4
100
4
100
4
100
4
100
4
100
4
100
4
100
4
100
4
100
4
100
4
100
4
100
4
100
4
100
4
100
4
100
4
100
4
100
4
100
4
100
4
100
4
100
4
100
4
100
4
100
4
100
4
100
4
100
4
100
4
100
4
100
4
100
4
100
4
100
4
100
4
100
4
100
4
100
4
100
4
100
4
100
4
100
4
100
4
100
4
100
4
100
4
100
4
100
4
100
4
100
4
100
4
100
4
100
4
100
4
100
4
100
4
100
4
100
4
100
4
100
4
100
4
100
4
100
4
100
4
100
4
100
4
100
4
100
4
100
4
100
4
100
4
100
4
100
4
100
4
100
4
100
4
100
4
100
4
100
4
100
4
100
4
100
4
100
4
100
4
100
4
100
4
100
4
100
4
100
4
100
4
100
4
100
4
100
4
100
4
100
4
100
4
100
4
100
4
100
4
100
4
100
4
100
4
100
4
100
4
100
4
100
4
100
4
100
4
100
4
100
4
100
4
100
4
100
4
100
4
100
4
100
4
100
4
100
4
100
4
100
4
100
4
100
4
100
4
100
4
100
4
100
4
100
4
100
4
100
4
100
4
100
4
100
4
100
4
100
4
100
4
100
4
100
4
100
4
100
4
100
4
100
4
100
4
100
4
100
4
100
4
100
4
100
4
100
4
100
4
100
4
100
4
100
4
100
4
100
4
100
4
100
4
100
4
100
4
100
4
100
4
100
4
100
4
100
4
100
4
100
4
100
4
100
4
100
4
100
4
100
4
100
4
100
4
100
4
100
4
100
4
100
4
100
4
100
4
100
4
100
4
100
4
100
4
100
4
100
4
100
4
100
4
100
4
100
4
100
4
100
4
100
4
100
4
100
4
100
4
100
4
100
4
100
4
100
4
100
4
100
4
100
4
100
4
100
4
100
4
100
4
100
4
100
4
100
4
100
4
100
4
100
4
100
4
100
4
100
4
100
4
100
4
100
4
100
4
100
4
100
4
100
4
100
4
100
4
100
4
100
4
100
4
100
4
100
4
100
4
100
4
100
4
100
4
100
4
100
4
100
4
100
4
100
4
100
4
100
4
100
4
100
4
100
4
100
4
100
4
100
4
100
4
100
4
100
4
100
4
100
4
100
4
100
4
100
4
100
4
100
4
100
4
100
4
100
4
100
4
100
4
100
4
100
4
100
4
100
4
100
4
100
4
100
4
100
4
100
4
100
4
100
4
100
4
100
4
100
4
100
4
100
4
100
4
100
4
100
4
100
4
100
4
100
4
100
4
100
4
100
4
100
4
100
4
100
4
100
4
100
4
100
4
100
4
100
4
100
4
100
4
100
4
100
4
100
4
100
4
100
4
100
4
100
4
100
4
100
4
100
4
100
4
100
4
100
4
100
4
100
4
100
4
100
4
100
4
100
4
100
4
100
4
100
4
100
4
100
4
100
4
100
4
100
4
100
4
100
4
100
4
100
4
100
4
100
4
100
4
100
4
100
4
100
4
100
4
100
4
100
4
100
4
100
4
100
4
100
4
100
4
100
4
100
4
100
4
100
4
100
4
100
4
100
4
100
4
100
4
100
4
100
4
100
4
100
4
100
4
100
4
100
4
100
4
100
4
100
4
100
4
100
4
100
4
100
4
100
4
100
4
100
4
100
4
100
4
100
4
100
4
100
4
100
4
100
4
100
4
100
4
100
4
100
4
100
4
100
4
100
4
100
4
100
4
100
4
100
4
100
4
100
4
100
4
100
4
100
4
100
4
100
4
100
4
100
4
100
4
100
4
100
4
100
4
100
4
100
4
100
4
100
4
100
4
100
4
100
4
100
4
100
4
100
4
100
4
100
4
100
4
100
4
100
4
100
4
100
4
100
4
100
4
100
4
100
4
100
4
100
4
100
4
100
4
100
4
100
4
100
4
100
4
100
4
100
4
100
4
100
4
100
4
100
4
100
4
100
4
100
4
100
4
100
4
100
4
100
4
100
4
100
4
100
4
100
4
100
4
100
4
100
4
100
4
100
4
100
4
100
4
100
4
100
4
100
4
100
4
100
4
100
4
100
4
100
4
100
4
100
4
100
4
100
4
100
4
100
4
100
4
100
4
100
4
100
4
100
4
100
4
100
4
100
4
100
4
100
4
100
4
100
4
100
4
100
4
100
4
100
4
100
4
100
4
100
4
100
4
100
4
100
4
100
4
100
4
100
4
100
4
100
4
100
4
100
4
100
4
100
4
100
4
100
4
100
4
100
4
100
4
100
4
100
4
100
4
100
4
100
4
100
4
100
4
100
4
100
4
100
4
100
4
100
4
100
4
100
4
100
4
100
4
100
4
100
4
100
4
100
4
100
4
100
4
100
4
100
4
100
4
100
4
100
4
100
4
100
4
100
4
100
4
100
4
100
4
100
4
100
4
100
4
100
4
100
4
100
4
100
4
100
4
100
4
100
4
100
4
100
4
100
4
100
4
100
4
100
4
100
4
100
4
100
4
100
4
100
4
100
4
100
4
100
4
100
4
100
4
100
4
100
4
100
4
100
4
100
4
100
4
100
4
100
4
100
4
100
4
100
4
100
4
100
4
100
4
100
4
100
4
100
4
100
4
100
4
100
4
100
4
100
4
100
4
100
4
100
4
100
4
100
4
100
4
100
4
100
4
100
4
100
4
100
4
100
4
100
4
100
4
100
4
100
4
100
4
100
4
100
4
100
4
100
4
100
4
100
4
100
4
100
4
100
4
100
4
100
4
4
4
444- -- -- -- -- -- -- -- ----------------------------------------------------------------------------------------------------------
colorcolorcolorcolorcolorcolorcolorcolorcolorcolorcolorcolorcolorcolorcolorcolorcolorcolorcolorcolorcolorcolorcolorcolorcolorcolorcolorcolorcolorcolorcolorcolorcolorcolorcolorcolorcolorcolorcolorcolorcolorcolorcolorcolorcolorcolorcolorcolorcolorcolorcolorcolorcolorcolorcolorcolorcolorcolorcolorcolorcolorcolorcolorcolorcolorcolorcolorcolorcolorcolorcolorcolorcolorcolorcolorcolorcolorcolorcolorcolorcolorcolorcolorcolorcolorcolorcolorcolorcolorcolorcolorcolorcolorcolorcolorcolorcolorcolorcolorcolorcolorcolorcolorcolorcolorcolorcolorcolorcolorcolorcolorcolorcolorcolorcolorcolorcolorcolorcolorcolorcolorcolorcolorcolorcolorcolorcolorcolorcolorcolorcolorcolorcolorcolorcolorcolorcolorcolorcolorcolorcolorcolorcolorcolor


PAGE 2 SANGO DOWING 2364 : s E C R E T
WITH VETSERS YR-114 (VIDOW. "INAYAD. CUBANS ARE VERY VORAIIED
ABOUT PROBLEM OF GENAO AND WHO TO SUBSTITUTE FOR NIT in R$134
NO INDICATION THAT THIS GENAO IDENTIFIABLE WITH LUIS GEMA
ESPALLAT.
2. FOR DIRECTOR SUGGEST YOU WAY VISH RELAY REFERENCE TO
MVAVE.
3. FOR JTVAVE REFERENCE WAS LISTING AND DESCRIFTION 69
DOCUMENTS CONFISCATED FROM DONINICAN CONTUNIST COURISR FENNARDO 24
DE LA RUSA BY VENEZUGLAN SECURITY OFFICIALS
S E C R E T
DI
NARLLE TO SHOWN FROH FEDRUMS DUAL PAGE1 GREE
AND FRUEN (UNFORTS) AFOEE.
06
280


