104077-00112
2025 RELEASE UNDER THE PRESIDENT JOHN F. KENNEDY ASSASSINATION RECORDS ACT OF 1992
C
G. R.E. Scott: re
DC
VII/S/ Mexico
CINOY
SECRET
4
9940
22 Nov 63
50-500
73NOV53 16332
JWAVE MEXICO CITY
M
SIG CEN
IN
R
CII/0A, SAS 8, VR
WAVS MEXI
INFO
CITE DIR
84879
RETURN TO CIA
PERUARK
Background Use Only
Do Not Reproduce
REF: WAVE 7856 (IN 64817) *
1. NO ADDITIONAL TRACES GARCIA. NO IDENTIFIABLE TRACES
VALDES.
2. LEAD SHOULD BE HANBLED BY MEXI PRINCIPAL AGENT ASSET
OR MEXI PRINUKEK OPS OFFICER
END OF MESSAGE
WE COMMIT : "of of requested traces AHCOKCERT one leads. Suggested
of
EAVE CO make contact in MEXI with (Eartha Veldes,
studying in Herri on World Health Org. suberiarship.
BAS/BOB Bonnie (by phase)
26
J
C. KING
D. FEBRUARY
C/RAB
C/WRD
CORRIBATING OFFICERS
100
100
100
100
100
100
100
100
100
100
100
100
100
100
100
100
100
100
100
100
100
100
100
100
100
100
100
100
100
100
100
100
100
100
100
100
100
100
100
100
100
100
100
100
100
100
100
100
100
100
100
100
100
100
100
100
100
100
100
100
100
100
100
100
100
100
100
100
100
100
100
100
100
100
100
100
100
100
100
100
100
100
100
100
100
100
100
100
100
100
100
100
100
100
100
100
100
100
100
100
100
100
100
100
100
100
100
100
100
100
100
100
100
100
100
100
100
100
100
100
100
100
100
100
100
100
100
100
100
100
100
100
100
100
100
100
100
100
100
100
100
100
100
100
100
100
100
100
100
100
100
100
100
100
100
100
100
100
100
100
100
100
100
100
100
100
100
100
100
100
100
100
100
100
100
100
100
100
100
100
100
100
100
100
100
100
100
100
100
100
100
100
100
100
100
100
100
100
100
100
100
100
100
100
100
100
100
100
100
100
100
100
100
100
100
100
100
100
100
100
100
100
100
100
100
100
100
100
100
100
100
100
100
100
100
100
100
100
100
100
100
100
100
100
100
100
100
100
100
100
100
100
100
100
100
100
100
100
100
100
100
100
100
100
100
100
100
100
100
100
100
100
100
100
100
100
100
100
100
100
100
100
100
100
100
100
100
100
100
100
100
100
100
100
100
100
100
100
100
100
100
100
100
100
100
100
100
100
100
100
100
100
100
100
100
100
100
100
100
100
100
100
100
100
100
100
100
100
100
100
100
100
100
100
100
100
100
100
100
100
100
100
100
100
100
100
100
100
100
100
100
100
100
100
100
100
100
100
100
100
100
100
100
100
100
100
100
100
100
100
100
100
100
100
100
100
100
100
100
100
100
100
100
100
100
100
100
100
100
100
100
100
100
100
100
100
100
100
100
100
100
100
100
100
100
100
100
100
100
100
100
100
100
100
100
100
100
100
100
100
100
100
100
100
100
100
100
100
100
100
100
100
100
100
100
100
100
100
100
100
100
100
100
100
100
100
100
100
100
100
100
100
100
100
100
100
100
100
100
100
100
100
100
100
100
100
100
100
100
100
100
100
100
100
100
100
100
100
100
100
100
100
100
100
100
100
100
100
100
100
100
100
100
100
100
100
100
100
100
100
100
100
100
100
100
100
100
100
100
100
100
100
100
100
100
100
100
100
100
100
100
100
100
100
100
100
100
100
100
100
100
100
100
100
100
100
100
100
100
100
100
100
100
100
100
100
100
100
100
100
100
100
100
100
100
100
100
100
100
100
100
100
100
100
100
100
100
100
100
100
100
100
100
100
100
100
100
100
100
100
100
100
100
100
100
100
100
100
100
100
100
100
100
100
100
100
100
100
100
100
100
100
100
100
100
100
100
100
100
100
100
100
100
100
100
100
100
100
100
100
100
100
100
100
100
100
100
100
100
100
100
100
100
100
100
100
100
100
100
100
100
100
100
100
100
100
100
100
100
100
100
100
100
100
100
100
100
100
100
100
100
100
100
100
100
100
100
100
100
100
100
100
100
100
100
100
100
100
100
100
100
100
100
100
100
100
100
100
100
100
100
100
100
100
100
100
100
100
100
100
100
100
100
100
100
100
100
100
100
100
100
100
100
100
100
100
100
100
100
100
100
100
100
100
100
100
100
100
100
100
100
100
100
100
100
100
100
100
100
100
100
100
100
100
100
100
100
100
100
100
100
100
100
100
100
100
100
100
100
100
100
100
100
100
100
100
100
100
100
100
100
100
100
100
100
100
100
100
100
100
100
100
100
100
100
100
100
100
100
100
100
100
100
100
100
100
100
100
100
100
100
100
100
100
100
100
100
100
100
100
100
100
100
100
100
100
100
100
100
100
100
100
100
100
100
100
100
100
100
100
100
100
100
100
100
100
100
100
100
100
100
100
100
100
100
100
100
100
100
100
100
100
100
100
100
100
100
100
100
100
100
100
100
100
100
100
100
100
100
1
1
1
1
111111111111111111111111111111111 1111 1 111 1  1 1                                                           )colorcolorcolorcolorcolorcolorcolorcolorcolorcolorcolorcolorcolorcolorcolorcolorcolorcolorcolorcolorcolorcolorcolorcolorcolorcolorcolorcolorcolorcolorcolorcolorcolorcolorcolorcolorcolorcolorcolorcolorcolorcolorcolorcolorcolorcolorcolorcolorcolorcolorcolorcolorcolorcolorcolorcolorcolorcolorcolorcolorcolorcolorcolorcolorcolorcolorcolorcolorcolorcolorcolorcolorcolorcolorcolorcolorcolorcolorcolorcolorcolorcolorcolorcolorcolorcolorcolorcolorcolorcolorcolorcolorcolorcolorcolorcolorcolorcolorcolorcolorcolorcolorcolorcolorcolorcolorcolorcolorcolorcolorcolorcolorcolorcolorcolorcolorcolorcolorcolorcolorcolorcolorcolorcolorcolorcolorcolorcolorcolorcolorcolorcolorcolorcolorcolorcolorcolorcolorcolorcolorcolorcolorcolorcolorcolorcolorcolorcolorcolorcolorcolorcolorcolorcolorcolorcolor


