104-10185-10174
2025 RELEASE UNDER THE PRESIDENT JOHN F. KENNEDY ASSASSINATION RECORDS ACT OF 1992
RETURN TO CIA
Background Use Only
Do Not Reproduce
10075. 1050
CLASSIFIE MESSAGE 9 TOTAL COPIES
B
CLASSIFIE TO FILE NO. 19-6-10-17
S-817 TO FILE NO.
SECRET
REPRODUCTION PROHIBITED
FILE 1015
10075
10075
10075
10075
10075
10075
10075
10075
10075
10075
10075
10075
10075
10075
10075
10075
10075
10075
10075
10075
10075
10075
10075
10075
10075
10075
10075
10075
10075
10075
10075
10075
10075
10075
10075
10075
10075
10075
10075
10075
10075
10075
10075
10075
10075
10075
10075
10075
10075
10075
10075
10075
10075
10075
10075
10075
10075
10075
10075
10075
10075
10075
10075
10075
10075
10075
10075
10075
10075
10075
10075
10075
10075
10075
10075
10075
10075
10075
10075
10075
10075
10075
10075
10075
10075
10075
10075
10075
10075
10075
10075
10075
10075
10075
10075
10075
10075
10075
10075
10075
10075
10075
10075
10075
10075
10075
10075
10075
10075
10075
10075
10075
10075
10075
10075
10075
10075
10075
10075
10075
10075
10075
10075
10075
10075
10075
10075
10075
10075
10075
10075
10075
10075
10075
10075
10075
10075
10075
10075
10075
10075
10075
10075
10075
10075
10075
10075
10075
10075
10075
10075
10075
10075
10075
10075
10075
10075
10075
10075
10075
10075
10075
10075
10075
10075
10075
10075
10075
10075
10075
10075
10075
10075
10075
10075
10075
10075
10075
10075
10075
10075
10075
10075
10075
10075
10075
10075
10075
10075
10075
10075
10075
10075
10075
10075
10075
10075
10075
10075
10075
10075
10075
10075
10075
10075
10075
10075
10075
10075
10075
10075
10075
10075
10075
10075
10075
10075
10075
10075
10075
10075
10075
10075
10075
10075
10075
10075
10075
10075
10075
10075
10075
10075
10075
10075
10075
10075
10075
10075
10075
10075
10075
10075
10075
10075
10075
10075
10075
10075
10075
10075
10075
10075
10075
10075
10075
10075
10075
10075
10075
10075
10075
10075
10075
10075
10075
10075
10075
10075
10075
10075
10075
10075
10075
10075
10075
10075
10075
10075
10075
10075
10075
10075
10075
10075
10075
10075
10075
10075
10075
10075
10075
10075
10075
10075
10075
10075
10075
10075
10075
10075
10075
10075
10075
10075
10075
10075
10075
10075
10075
10075
10075
10075
10075
10075
10075
10075
10075
10075
10075
10075
10075
10075
10075
10075
10075
10075
10075
10075
10075
10075
10075
10075
10075
10075
10075
10075
10075
10075
10075
10075
10075
10075
10075
10075
10075
10075
10075
10075
10075
10075
10075
10075
10075
10075
10075
10075
10075
10075
10075
10075
10075
10075
10075
10075
10075
10075
10075
10075
10075
10075
10075
10075
10075
10075
10075
10075
10075
10075
10075
10075
10075
10075
10075
10075
10075
10075
10075
10075
10075
10075
10075
10075
10075
10075
10075
10075
10075
10075
10075
10075
10075
10075
10075
10075
10075
10075
10075
10075
10075
10075
10075
10075
10075
10075
10075
10075
10075
10075
10075
10075
10075
10075
10075
10075
10075
10075
10075
10075
10075
10075
10075
10075
10075
10075
10075
10075
10075
10075
10075
10075
10075
10075
10075
10075
10075
10075
10075
10075
10075
10075
10075
10075
10075
10075
10075
10075
10075
10075
10075
10075
10075
10075
10075
10075
10075
10075
10075
10075
10075
10075
10075
10075
10075
10075
10075
10075
10075
10075
10075
10075
10075
10075
10075
10075
10075
10075
10075
10075
10075
10075
10075
10075
10075
10075
10075
10075
10075
10075
10075
10075
10075
10075
10075
10075
10075
10075
10075
10075
10075
10075
10075
10075
10075
10075
10075
10075
10075
10075
10075
10075
10075
10075
10075
10075
10075
10075
10075
10075
10075
10075
10075
10075
10075
10075
10075
10075
10075
10075
10075
10075
10075
10075
10075
10075
10075
10075
10075
10075
10075
10075
10075
10075
10075
10075
10075
10075
10075
10075
10075
10075
10075
10075
10075
10075
10075
10075
10075
10075
10075
10075
10075
10075
10075
10075
10075
10075
10075
10075
10075
10075
10075
10075
10075
10075
10075
10075
10075
10075
10075
10075
10075
10075
10075
10075
10075
10075
10075
10075
10075
10075
10075
10075
10075
10075
10075
10075
10075
10075
10075
10075
10075
10075
10075
10075
1007
1



